500 50484
1000 112512
1500 167388
2000 215990
2500 265109
3000 328209
3500 374841
4000 427983
4500 478678
5000 546999
5500 596817
6000 663411
6500 712936
7000 757233
7500 808444
8000 877025
8500 904211
9000 988078
9500 1020593
10000 1077719
10500 1136359
11000 1184993
11500 1254949
12000 1281814
12500 1333055
13000 1386935
13500 1473596
14000 1500400
14500 1558097
15000 1618984
15500 1664932
16000 1724235
16500 1787408
17000 1859774
17500 1862659
18000 1957795
18500 2009914
19000 2079200
19500 2153035
20000 2134487
20500 2229975
21000 2266587
21500 2284980
22000 2360850
22500 2405025
23000 2487188
23500 2513103
24000 2599278
24500 2674356
25000 2661429
25500 2799714
26000 2809011
26500 2845844
27000 2907704
27500 2945112
28000 3022143
28500 3073135
29000 3113181
29500 3147010
30000 3245601
30500 3237120
31000 3352690
31500 3409608
32000 3471565
32500 3504942
33000 3566032
33500 3615576
34000 3672004
34500 3670611
35000 3780988
35500 3796467
36000 3876780
36500 3918841
37000 4030380
37500 4076950
38000 4120685
38500 4113054
39000 4194419
39500 4228953
40000 4325412
40500 4372448
41000 4448282
41500 4462725
42000 4519200
42500 4553302
43000 4621310
43500 4642421
44000 4725296
44500 4779047
45000 4863660
45500 4901918
46000 4975275
46500 4996668
47000 5055164
47500 5120579
48000 5167362
48500 5221669
49000 5331368
49500 5375983
50000 5383551
