500 161
1000 284
1500 492
2000 538
2500 710
3000 905
3500 948
4000 1184
4500 1402
5000 1418
5500 1621
6000 1714
6500 1786
7000 2031
7500 2140
8000 2334
8500 2526
9000 2682
9500 2688
10000 2780
10500 3050
11000 3164
11500 3344
12000 3510
12500 3698
13000 3750
13500 4071
14000 4050
14500 4046
15000 4218
15500 4464
16000 4648
16500 4944
17000 5128
17500 4976
18000 5376
18500 5400
19000 5372
19500 5852
20000 5910
20500 5876
21000 6072
21500 6222
22000 6352
22500 6650
23000 6669
23500 6908
24000 6886
24500 7156
25000 7184
25500 7360
26000 7472
26500 7670
27000 8112
27500 7846
28000 7940
28500 8452
29000 8302
29500 8642
30000 8856
30500 8892
31000 8949
31500 8806
32000 9404
32500 9503
33000 9460
33500 9620
34000 9874
34500 10070
35000 10237
35500 10133
36000 10508
36500 10778
37000 10842
37500 10976
38000 11016
38500 11100
39000 11386
39500 11434
40000 11666
40500 11831
41000 11730
41500 12075
42000 12236
42500 12208
43000 12582
43500 12582
44000 13138
44500 12724
45000 12722
45500 13382
46000 13263
46500 13340
47000 13818
47500 13758
48000 13694
48500 14342
49000 14360
49500 14560
50000 14420
