500 1533
1000 18868
1500 2671
2000 1315
2500 23334
3000 3658
3500 39628
4000 23859
4500 2929
5000 17343
5500 2991
6000 3327
6500 3783
7000 3127
7500 6245
8000 4206
8500 3884
9000 5077
9500 5219
10000 4638
10500 4758
11000 4705
11500 4899
12000 18477
12500 18550
13000 5246
13500 13357
14000 20436
14500 8113
15000 5739
15500 5683
16000 5960
16500 6466
17000 6277
17500 8463
18000 7047
18500 7583
19000 7832
19500 21138
20000 20462
20500 8317
21000 6974
21500 7213
22000 7789
22500 25404
23000 22114
23500 8788
24000 8848
24500 10062
25000 13167
25500 8902
26000 8752
26500 8585
27000 10005
27500 10057
28000 9341
28500 9538
29000 28558
29500 10535
30000 10422
30500 56557
31000 9612
31500 17365
32000 16258
32500 50808
33000 10416
33500 26200
34000 17429
34500 11994
35000 27858
35500 11460
36000 24198
36500 11895
37000 12925
37500 13183
38000 12149
38500 12892
39000 13321
39500 33012
40000 12642
40500 27485
41000 12880
41500 27552
42000 22218
42500 13394
43000 30955
43500 14353
44000 14478
44500 13983
45000 18658
45500 28990
46000 15164
46500 25709
47000 15570
47500 16313
48000 48907
48500 16062
49000 27676
49500 16731
50000 16114
