500 -1.97266
1000 -1.74282
1500 -1.98273
2000 -1.99412
2500 -1.87277
3000 -1.98818
3500 -1.84144
4000 -1.9191
4500 -1.994
5000 -1.95525
5500 -1.99479
6000 -1.99487
6500 -1.99446
7000 -1.99599
7500 -1.99012
8000 -1.99513
8500 -1.99586
9000 -1.99462
9500 -1.99492
10000 -1.99557
10500 -1.99567
11000 -1.99594
11500 -1.99585
12000 -1.97932
12500 -1.98068
13000 -1.99623
13500 -1.98815
14000 -1.98097
14500 -1.9939
15000 -1.99641
15500 -1.99651
16000 -1.99651
16500 -1.99636
17000 -1.99643
17500 -1.99466
18000 -1.99636
18500 -1.996
19000 -1.99599
19500 -1.98654
20000 -1.98675
20500 -1.99605
21000 -1.99677
21500 -1.99678
22000 -1.99653
22500 -1.98567
23000 -1.98814
23500 -1.99631
24000 -1.99639
24500 -1.99596
25000 -1.99387
25500 -1.99667
26000 -1.99671
26500 -1.99684
27000 -1.99649
27500 -1.99634
28000 -1.99683
28500 -1.99671
29000 -1.98733
29500 -1.99658
30000 -1.99655
30500 -1.97532
31000 -1.99691
31500 -1.99379
32000 -1.99433
32500 -1.97953
33000 -1.997
33500 -1.9903
34000 -1.99419
34500 -1.99658
35000 -1.99039
35500 -1.99692
36000 -1.99197
36500 -1.9968
37000 -1.99658
37500 -1.99658
38000 -1.99689
38500 -1.99674
39000 -1.9966
39500 -1.98957
40000 -1.99684
40500 -1.99172
41000 -1.99694
41500 -1.99187
42000 -1.994
42500 -1.99692
43000 -1.99114
43500 -1.99686
44000 -1.9968
44500 -1.99696
45000 -1.9956
45500 -1.99223
46000 -1.99685
46500 -1.99353
47000 -1.99671
47500 -1.99659
48000 -1.98702
48500 -1.9968
49000 -1.99337
49500 -1.99674
50000 -1.99684
