500 -1.99702
1000 -1.99721
1500 -1.99633
2000 -1.99731
2500 -1.99725
3000 -1.99709
3500 -1.99711
4000 -1.99731
4500 -1.99704
5000 -1.99724
5500 -1.99698
6000 -1.99717
6500 -1.99722
7000 -1.99727
7500 -1.99717
8000 -1.9972
8500 -1.99728
9000 -1.99702
9500 -1.99723
10000 -1.99733
10500 -1.99713
11000 -1.99718
11500 -1.99705
12000 -1.99706
12500 -1.99694
13000 -1.99721
13500 -1.99701
14000 -1.99715
14500 -1.99722
15000 -1.99736
15500 -1.99719
16000 -1.99726
16500 -1.99716
17000 -1.997
17500 -1.99712
18000 -1.99716
18500 -1.99713
19000 -1.99721
19500 -1.99713
20000 -1.99707
20500 -1.99719
21000 -1.99716
21500 -1.99715
22000 -1.99711
22500 -1.99703
23000 -1.9972
23500 -1.99711
24000 -1.99711
24500 -1.99707
25000 -1.99715
25500 -1.99723
26000 -1.99713
26500 -1.99712
27000 -1.99712
27500 -1.99719
28000 -1.99726
28500 -1.99706
29000 -1.99716
29500 -1.99719
30000 -1.99701
30500 -1.99714
31000 -1.99707
31500 -1.99727
32000 -1.9971
32500 -1.99713
33000 -1.99726
33500 -1.99721
34000 -1.99713
34500 -1.9971
35000 -1.99706
35500 -1.99725
36000 -1.99724
36500 -1.99705
37000 -1.99703
37500 -1.99716
38000 -1.99717
38500 -1.99718
39000 -1.99708
39500 -1.99713
40000 -1.99708
40500 -1.99706
41000 -1.99718
41500 -1.99712
42000 -1.99717
42500 -1.99721
43000 -1.99711
43500 -1.99722
44000 -1.99708
44500 -1.99717
45000 -1.99723
45500 -1.99715
46000 -1.9972
46500 -1.99719
47000 -1.99706
47500 -1.99712
48000 -1.99727
48500 -1.99711
49000 -1.9971
49500 -1.99715
50000 -1.99716
50500 -1.99711
51000 -1.99712
51500 -1.99709
52000 -1.99716
52500 -1.99714
53000 -1.99714
53500 -1.99717
54000 -1.99716
54500 -1.99708
55000 -1.99719
55500 -1.99719
