500 -1.28652
1000 -1.20595
1500 -1.2139
2000 -1.23779
2500 -1.24813
3000 -1.2251
3500 -1.24039
4000 -1.24003
4500 -1.24452
5000 -1.22416
5500 -1.23263
6000 -1.21756
6500 -1.22322
7000 -1.23529
7500 -1.23651
8000 -1.2254
8500 -1.24599
9000 -1.22186
9500 -1.23807
10000 -1.23553
10500 -1.23335
11000 -1.23696
11500 -1.22741
12000 -1.24298
12500 -1.24334
13000 -1.24404
13500 -1.22773
14000 -1.24103
14500 -1.23934
15000 -1.2352
15500 -1.23882
16000 -1.23717
16500 -1.23253
17000 -1.22585
17500 -1.24525
18000 -1.23042
18500 -1.23111
19000 -1.22541
19500 -1.21887
20000 -1.24346
20500 -1.22989
21000 -1.23536
21500 -1.24677
22000 -1.23982
22500 -1.24281
23000 -1.23408
23500 -1.24231
24000 -1.23253
24500 -1.22723
25000 -1.24582
25500 -1.22311
26000 -1.23494
26500 -1.23977
27000 -1.2371
27500 -1.24185
28000 -1.23562
28500 -1.23635
29000 -1.23889
29500 -1.24474
30000 -1.23397
30500 -1.24809
31000 -1.23411
31500 -1.2338
32000 -1.23197
32500 -1.23613
33000 -1.23505
33500 -1.23478
34000 -1.23509
34500 -1.24526
35000 -1.23504
35500 -1.24158
36000 -1.23751
36500 -1.23924
37000 -1.22893
37500 -1.22979
38000 -1.23252
38500 -1.24291
39000 -1.23821
39500 -1.24136
40000 -1.23409
40500 -1.23556
41000 -1.23214
41500 -1.23813
42000 -1.23797
42500 -1.24089
43000 -1.23857
43500 -1.24366
44000 -1.23917
44500 -1.23906
45000 -1.23492
45500 -1.23661
46000 -1.23481
46500 -1.23816
47000 -1.23776
47500 -1.23626
48000 -1.23702
48500 -1.2373
49000 -1.22922
49500 -1.23103
50000 -1.23725
