500 0.96186
1000 0.10637
1500 0.974117
2000 0.99723
2500 0.62795
3000 0.982002
3500 0.479616
4000 0.760129
4500 0.994476
5000 0.867698
5500 0.996704
6000 0.995782
6500 0.99486
7000 0.998147
7500 0.983451
8000 0.995904
8500 0.997725
9000 0.995367
9500 0.995326
10000 0.996241
10500 0.997279
11000 0.997599
11500 0.997641
12000 0.957853
12500 0.949661
13000 0.997956
13500 0.973183
14000 0.956002
14500 0.992757
15000 0.998052
15500 0.998458
16000 0.998356
16500 0.998178
17000 0.998566
17500 0.994712
18000 0.998114
18500 0.997352
19000 0.997276
19500 0.964488
20000 0.967611
20500 0.997266
21000 0.998913
21500 0.998914
22000 0.998493
22500 0.962124
23000 0.9749
23500 0.998014
24000 0.998178
24500 0.997233
25000 0.992299
25500 0.998524
26000 0.998806
26500 0.999022
27000 0.998234
27500 0.997899
28000 0.998593
28500 0.998787
29000 0.967455
29500 0.998378
30000 0.998686
30500 0.936533
31000 0.999148
31500 0.990478
32000 0.990948
32500 0.946311
33000 0.999102
33500 0.978687
34000 0.992654
34500 0.998414
35000 0.98111
35500 0.998853
36000 0.984496
36500 0.99899
37000 0.998378
37500 0.998283
38000 0.998997
38500 0.998729
39000 0.998322
39500 0.975364
40000 0.999023
40500 0.982801
41000 0.99902
41500 0.98368
42000 0.990527
42500 0.999017
43000 0.980868
43500 0.998827
44000 0.998903
44500 0.999037
45000 0.995606
45500 0.984223
46000 0.99881
46500 0.98863
47000 0.998736
47500 0.998357
48000 0.96695
48500 0.998742
49000 0.989625
49500 0.998605
50000 0.998819
