500 0.99923
1000 0.99929
1500 0.999073
2000 0.999308
2500 0.999294
3000 0.999252
3500 0.999267
4000 0.999315
4500 0.999248
5000 0.999294
5500 0.999231
6000 0.999284
6500 0.999292
7000 0.999306
7500 0.999275
8000 0.999284
8500 0.999299
9000 0.999241
9500 0.999294
10000 0.99932
10500 0.999267
11000 0.999275
11500 0.999249
12000 0.999252
12500 0.99922
13000 0.999288
13500 0.999236
14000 0.999273
14500 0.999292
15000 0.999329
15500 0.999284
16000 0.9993
16500 0.999276
17000 0.999235
17500 0.999265
18000 0.999274
18500 0.99927
19000 0.999289
19500 0.999265
20000 0.999253
20500 0.999286
21000 0.999273
21500 0.999274
22000 0.999263
22500 0.999242
23000 0.999286
23500 0.999265
24000 0.999265
24500 0.999256
25000 0.999277
25500 0.999292
26000 0.999268
26500 0.999265
27000 0.999266
27500 0.999284
28000 0.999301
28500 0.999249
29000 0.999277
29500 0.999284
30000 0.999236
30500 0.999271
31000 0.999254
31500 0.999304
32000 0.99926
32500 0.999269
33000 0.9993
33500 0.999291
34000 0.999269
34500 0.99926
35000 0.999249
35500 0.999299
36000 0.999295
36500 0.999245
37000 0.999244
37500 0.999276
38000 0.999279
38500 0.999278
39000 0.999254
39500 0.999267
40000 0.999255
40500 0.999252
41000 0.99928
41500 0.999265
42000 0.99928
42500 0.999289
43000 0.999263
43500 0.999292
44000 0.999254
44500 0.999278
45000 0.999295
45500 0.999273
46000 0.999287
46500 0.999285
47000 0.999249
47500 0.999263
48000 0.999305
48500 0.999263
49000 0.99926
49500 0.999273
50000 0.999274
50500 0.999262
51000 0.999266
51500 0.999257
52000 0.999277
52500 0.999271
53000 0.999272
53500 0.999278
54000 0.999274
54500 0.999254
55000 0.999284
55500 0.999284
