500 0.57423
1000 0.387085
1500 0.43048
2000 0.44682
2500 0.47985
3000 0.409273
3500 0.467027
4000 0.457095
4500 0.478224
5000 0.419581
5500 0.43929
6000 0.409476
6500 0.423139
7000 0.443188
7500 0.444228
8000 0.419461
8500 0.484521
9000 0.42628
9500 0.444549
10000 0.440638
10500 0.43829
11000 0.447727
11500 0.43582
12000 0.474181
12500 0.472444
13000 0.47149
13500 0.441735
14000 0.458818
14500 0.454888
15000 0.444144
15500 0.455866
16000 0.465736
16500 0.452038
17000 0.438192
17500 0.470957
18000 0.432182
18500 0.446667
19000 0.429637
19500 0.416634
20000 0.459738
20500 0.449055
21000 0.456826
21500 0.481712
22000 0.456799
22500 0.465486
23000 0.446685
23500 0.465392
24000 0.448438
24500 0.43055
25000 0.460794
25500 0.422846
26000 0.449159
26500 0.461634
27000 0.448934
27500 0.46154
28000 0.445159
28500 0.451477
29000 0.465079
29500 0.470078
30000 0.444922
30500 0.482732
31000 0.452116
31500 0.446034
32000 0.440034
32500 0.450125
33000 0.445743
33500 0.447553
34000 0.444177
34500 0.475177
35000 0.450905
35500 0.461268
36000 0.463554
36500 0.46264
37000 0.438089
37500 0.437317
38000 0.447372
38500 0.476061
39000 0.45515
39500 0.46414
40000 0.445136
40500 0.443989
41000 0.435948
41500 0.456125
42000 0.451767
42500 0.455751
43000 0.457127
43500 0.469083
44000 0.459893
44500 0.462412
45000 0.449964
45500 0.450889
46000 0.446631
46500 0.452456
47000 0.456834
47500 0.453429
48000 0.45498
48500 0.459992
49000 0.437124
49500 0.437666
50000 0.463367
